================================================================================
     MODES  0.02
================================================================================

Interpreting input file 'modes_in.hsd'
--------------------------------------------------------------------------------
--------------------------------------------------------------------------------
 

Starting main program

 Vibrational modes (cm-1):
    1  -69.93
    2  -59.83
    3  -48.15
    4  -42.52
    5  -29.90
    6  -24.48
    7  -14.33
    8    4.56
    9   16.47
   10   20.60
   11   27.73
   12   31.70
   13   36.09
   14   40.08
   15   43.56
   16   47.63
   17   52.79
   18   55.43
   19   58.88
   20   60.37
   21   63.02
   22   66.66
   23   67.06
   24   69.58
   25   75.61
   26   76.99
   27   78.58
   28   81.53
   29   85.22
   30   86.04
   31   90.31
   32   94.51
   33   97.27
   34  100.37
   35  106.10
   36  107.62
   37  110.58
   38  114.48
   39  114.68
   40  119.37
   41  124.65
   42  126.18
   43  129.26
   44  131.06
   45  132.38
   46  137.87
   47  139.55
   48  141.16
   49  141.87
   50  145.15
   51  146.23
   52  148.13
   53  148.38
   54  149.17
   55  149.89
   56  151.55
   57  152.46
   58  153.17
   59  154.11
   60  154.54
   61  154.84
   62  155.35
   63  157.61
   64  158.41
   65  158.81
   66  159.52
   67  160.07
   68  161.62
   69  162.10
   70  164.04
   71  165.09
   72  167.59
   73  168.13
   74  170.50
   75  171.41
   76  173.71
   77  175.33
   78  176.42
   79  178.19
   80  178.66
   81  182.20
   82  185.34
   83  188.86
   84  191.49
   85  193.71
   86  197.07
   87  205.15
   88  206.12
   89  210.44
   90  218.55
   91  227.71
   92  231.68
   93  232.48
   94  248.88
   95  253.30
   96  254.15
   97  254.80
   98  259.90
   99  260.99
  100  262.98
  101  282.15
  102  282.71
  103  283.52
  104  289.17
  105  290.09
  106  294.91
  107  298.75
  108  302.22
  109  304.69
  110  305.45
  111  308.47
  112  313.61
  113  314.51
  114  317.85
  115  321.26
  116  323.01
  117  332.28
  118  369.00
  119  370.83
  120  376.20
  121  380.26
  122  381.28
  123  397.64
  124  398.36
  125  399.37
  126  421.34
  127  421.43
  128  421.64
  129  426.04
  130  442.64
  131  460.58
  132  460.78
  133  465.03
  134  465.57
  135  466.57
  136  467.50
  137  469.72
  138  471.77
  139  478.29
  140  479.75
  141  479.77
  142  484.82
  143  486.31
  144  486.84
  145  487.10
  146  496.34
  147  497.46
  148  498.12
  149  512.86
  150  513.44
  151  962.81
  152  965.49
  153  984.52
  154  992.73
  155  992.96
  156  996.29
  157 1030.09
  158 1031.38
  159 1031.76
  160 1045.82
  161 1047.16
  162 1049.19
  163 1051.25
  164 1055.87
  165 1056.63
  166 1060.54
  167 1062.80
  168 1066.10
  169 1071.43
  170 1073.23
  171 1082.34
  172 1087.92
  173 1089.98
  174 1091.48
  175 1096.29
  176 1097.28
  177 1098.26
  178 1101.24
  179 1103.02
  180 1106.75
  181 1118.70
  182 1120.67
  183 1125.56
  184 1134.99
  185 1143.74
  186 1145.43
 
 Writing eigenmodes to vibrations.tag
 Plotting eigenmodes:
 1 2 3 4 5 6
 7 8 9 10 11 12
 13 14 15 16 17 18
 19 20 21 22 23 24
 25 26 27 28 29 30
 31 32 33 34 35 36
 37 38 39 40 41 42
 43 44 45 46 47 48
 49 50 51 52 53 54
 55 56 57 58 59 60
 61 62 63 64 65 66
 67 68 69 70 71 72
 73 74 75 76 77 78
 79 80 81 82 83 84
 85 86 87 88 89 90
 91 92 93 94 95 96
 97 98 99 100 101 102
 103 104 105 106 107 108
 109 110 111 112 113 114
 115 116 117 118 119 120
 121 122 123 124 125 126
 127 128 129 130 131 132
 133 134 135 136 137 138
 139 140 141 142 143 144
 145 146 147 148 149 150
 151 152 153 154 155 156
 157 158 159 160 161 162
 163 164 165 166 167 168
 169 170 171 172 173 174
 175 176 177 178 179 180
 181 182 183 184 185 186
