WARNING: Parameter active_space is not defined! in the input parametersUse the default value 
WARNING: Parameter active_space is not defined! in the input parametersUse the default value 
WARNING: Parameter active_space is not defined! in the input parametersUse the default value 
WARNING: Parameter active_space is not defined! in the input parametersUse the default value 
WARNING: Parameter active_space is not defined! in the input parametersUse the default value 
WARNING: Parameter active_space is not defined! in the input parametersUse the default value 
WARNING: Parameter active_space is not defined! in the input parametersUse the default value 
WARNING: Parameter active_space is not defined! in the input parametersUse the default value 
WARNING: Parameter active_space is not defined! in the input parametersUse the default value 
WARNING: Parameter active_space is not defined! in the input parametersUse the default value 
2.4190000e+08  5.8896429   6.3287993   8.1792988   8.4064422   7.2589572   7.3512042   7.2999294   8.3095410   8.1996645   6.7576079   7.5963731   7.7606038   7.7492025   8.5498406   8.5154812   7.0621578   6.8565921   8.2519663   8.2807345   8.0813910   8.2550180   7.1879707   7.0775579   7.1942607   7.9716968   7.9926847   7.8760138   8.0709526   6.6845595   
5.8896429   2.4190000e+08  8.1744932   7.4121036   7.2954698   7.3516260   7.2563043   7.0781351   7.5415898   7.6799500   6.3895040   6.9741016   6.8836807   6.7178292   7.0484102   6.9274229   5.7123254   5.6874252   6.0743766   6.0913207   6.0247887   5.8774548   5.6251025   5.3285579   5.2929984   5.7686070   5.8337028   5.6624308   5.8286621   6.0833743   
6.3287993   8.1744932   2.4190000e+08  7.3663272   7.4002134   6.5159562   6.4093521   6.2414783   7.3171158   7.1838523   6.4098708   7.0966947   7.2104509   6.5855605   6.4276570   6.3249250   5.2717925   5.6517604   6.2088310   6.2183719   6.1120438   5.9292597   5.6600454   5.4434757   5.4139264   5.8405561   5.8556311   5.7132154   5.8750027   6.3148390   
8.1792988   7.4121036   7.3663272   2.4190000e+08  19.240720   9.2166939   8.0391876   7.9082547   10.176316   9.5552126   6.9935711   8.0229510   7.9714398   7.6227703   7.8688777   7.6795785   6.6729659   6.9703765   7.8768832   7.8093629   7.6325368   7.6974548   7.0358894   7.1319711   7.1651955   7.8446860   7.7093291   7.3792284   7.2455502   6.4182378   
8.4064422   7.2954698   7.4002134   19.240720   2.4190000e+08  9.7631982   8.4365964   8.4966970   10.501299   10.276464   6.8874488   8.2346375   8.4110102   7.8404392   8.2475854   8.1470969   6.9273536   7.0727437   8.1002865   8.1246497   7.7587814   7.8349345   7.1040526   7.2253259   7.3891263   8.1758738   7.9794062   7.6582299   7.4459990   6.4048183   
7.2589572   7.3516260   6.5159562   9.2166939   9.7631982   2.4190000e+08  8.1744151   8.2236017   9.9744668   9.9100201   7.3733624   8.0698931   8.1614807   8.3315957   7.9777875   7.9127776   7.0406236   6.7703153   7.3223805   7.4655651   7.2078172   7.1646735   6.6428295   6.3707449   6.4383304   7.2109146   7.1540451   6.9687538   7.1314836   6.6467399   
7.3512042   7.2563043   6.4093521   8.0391876   8.4365964   8.1744151   2.4190000e+08  19.438105   9.8261406   9.7636634   6.3706178   7.9900645   8.2032284   7.5909428   9.7496829   9.5329009   7.6560441   6.9556075   8.1090483   8.2045165   7.7939951   7.8325408   6.7208671   6.3931196   6.5535432   7.5455064   7.5421508   7.2240913   7.3005111   7.3846507   
7.2999294   7.0781351   6.2414783   7.9082547   8.4966970   8.2236017   19.438105   2.4190000e+08  9.8605304   9.9967480   6.3445535   7.8783755   8.3129218   7.7148562   9.4896392   9.5366284   7.6740283   6.8101398   7.9310088   8.1543912   7.6470756   7.6883554   6.6662286   6.2844190   6.5167391   7.4578573   7.4505703   7.2211285   7.2914501   7.1971209   
8.3095410   7.5415898   7.3171158   10.176316   10.501299   9.9744668   9.8261406   9.8605304   2.4190000e+08  18.895328   7.2913538   8.4646425   8.6840953   8.2463028   9.2156576   8.9970573   7.1394277   7.2164533   8.2793363   8.3344976   7.9271942   7.9873126   7.1276484   6.9293847   7.0417796   7.8233973   7.8028772   7.5246472   7.5196381   7.1436310   
8.1996645   7.6799500   7.1838523   9.5552126   10.276464   9.9100201   9.7636634   9.9967480   18.895328   2.4190000e+08  7.1841160   8.1503394   8.4799511   7.9994401   9.6003408   9.5502000   7.5508248   7.2053139   8.1455475   8.3298188   7.8351009   7.9529538   7.1283954   6.8518253   7.0496796   7.8709512   7.8417203   7.5913466   7.6459383   7.0919567   
6.7576079   6.3895040   6.4098708   6.9935711   6.8874488   7.3733624   6.3706178   6.3445535   7.2913538   7.1841160   2.4190000e+08  8.5011598   8.3007763   7.6621352   6.6186883   6.4776266   5.3098098   5.4811989   6.3536230   6.2933928   6.0023423   5.8801441   5.4346851   5.3174651   5.2096728   5.5211030   5.6450942   5.6642802   5.8311904   5.8736278   
7.5963731   6.9741016   7.0966947   8.0229510   8.2346375   8.0698931   7.9900645   7.8783755   8.4646425   8.1503394   8.5011598   2.4190000e+08  20.071603   11.823662   8.6431285   8.3522129   6.5262942   6.4589029   7.5135432   7.4406549   6.9916150   6.7708739   6.1414434   5.9073877   5.8823600   6.3662313   6.5689532   6.4542861   6.6190219   7.2837131   
7.7606038   6.8836807   7.2104509   7.9714398   8.4110102   8.1614807   8.2032284   8.3129218   8.6840953   8.4799511   8.3007763   20.071603   2.4190000e+08  13.102813   8.8621453   8.6637752   6.6515570   6.5087566   7.6687682   7.6830481   7.1205957   6.9076140   6.2386264   5.9533600   6.0020537   6.5354180   6.6966387   6.6188705   6.7678185   7.4316308   
7.7492025   6.7178292   6.5855605   7.6227703   7.8404392   8.3315957   7.5909428   7.7148562   8.2463028   7.9994401   7.6621352   11.823662   13.102813   2.4190000e+08  10.081687   9.6917969   7.3464444   7.0348959   8.2029266   8.3932276   7.5874988   7.3997118   6.5322611   6.3297685   6.3314513   6.7744942   6.9744855   6.8839068   7.0354497   7.4096639   
8.5498406   7.0484102   6.4276570   7.8688777   8.2475854   7.9777875   9.7496829   9.4896392   9.2156576   9.6003408   6.6186883   8.6431285   8.8621453   10.081687   2.4190000e+08  21.552724   9.7250821   8.2155187   9.7569018   10.036032   8.8362230   8.7566644   7.2410980   7.0288816   7.1967691   8.0730195   8.1214013   7.7846360   8.1232021   8.0405684   
8.5154812   6.9274229   6.3249250   7.6795785   8.1470969   7.9127776   9.5329009   9.5366284   8.9970573   9.5502000   6.4776266   8.3522129   8.6637752   9.6917969   21.552724   2.4190000e+08  10.201148   8.0730054   9.6093560   10.077612   8.8302910   8.8421644   7.3134327   6.9950047   7.2600442   8.1622933   8.1492429   7.8557658   8.1872864   7.9661451   
7.0621578   5.7123254   5.2717925   6.6729659   6.9273536   7.0406236   7.6560441   7.6740283   7.1394277   7.5508248   5.3098098   6.5262942   6.6515570   7.3464444   9.7250821   10.201148   2.4190000e+08  8.4697878   8.5691977   8.7583741   8.1939243   8.6255633   7.2426007   7.3138451   7.7606573   8.5748648   8.4987385   8.0733190   7.8210906   6.9268862   
6.8565921   5.6874252   5.6517604   6.9703765   7.0727437   6.7703153   6.9556075   6.8101398   7.2164533   7.2053139   5.4811989   6.4589029   6.5087566   7.0348959   8.2155187   8.0730054   8.4697878   2.4190000e+08  11.553890   10.540066   9.6580356   9.3816515   8.1011505   8.3907812   8.1788038   8.3546898   8.4439691   8.0916300   7.5929591   6.5033087   
8.2519663   6.0743766   6.2088310   7.8768832   8.1002865   7.3223805   8.1090483   7.9310088   8.2793363   8.1455475   6.3536230   7.5135432   7.6687682   8.2029266   9.7569018   9.6093560   8.5691977   11.553890   2.4190000e+08  20.960132   12.532116   11.376816   8.6805624   8.6602406   8.7078332   9.1564265   9.1062455   8.5642536   8.1846310   7.3766622   
8.2807345   6.0913207   6.2183719   7.8093629   8.1246497   7.4655651   8.2045165   8.1543912   8.3344976   8.3298188   6.2933928   7.4406549   7.6830481   8.3932276   10.036032   10.077612   8.7583741   10.540066   20.960132   2.4190000e+08  13.995032   12.220330   9.0223953   8.6789537   8.8839682   9.4421655   9.3692372   8.8591998   8.4696971   7.4748959   
8.0813910   6.0247887   6.1120438   7.6325368   7.7587814   7.2078172   7.7939951   7.6470756   7.9271942   7.8351009   6.0023423   6.9916150   7.1205957   7.5874988   8.8362230   8.8302910   8.1939243   9.6580356   12.532116   13.995032   2.4190000e+08  17.278195   11.729277   9.8579137   9.6476215   10.001767   10.018592   9.4746743   8.8168026   7.4664736   
8.2550180   5.8774548   5.9292597   7.6974548   7.8349345   7.1646735   7.8325408   7.6883554   7.9873126   7.9529538   5.8801441   6.7708739   6.9076140   7.3997118   8.7566644   8.8421644   8.6255633   9.3816515   11.376816   12.220330   17.278195   2.4190000e+08  13.419887   10.654848   10.561088   10.704943   10.542090   9.9414604   9.2551593   7.4697602   
7.1879707   5.6251025   5.6600454   7.0358894   7.1040526   6.6428295   6.7208671   6.6662286   7.1276484   7.1283954   5.4346851   6.1414434   6.2386264   6.5322611   7.2410980   7.3134327   7.2426007   8.1011505   8.6805624   9.0223953   11.729277   13.419887   2.4190000e+08  10.490465   9.9705358   9.7246308   9.8005152   9.4714611   8.7453043   6.8256829   
7.0775579   5.3285579   5.4434757   7.1319711   7.2253259   6.3707449   6.3931196   6.2844190   6.9293847   6.8518253   5.3174651   5.9073877   5.9533600   6.3297685   7.0288816   6.9950047   7.3138451   8.3907812   8.6602406   8.6789537   9.8579137   10.654848   10.490465   2.4190000e+08  15.257926   11.197346   10.631017   10.001269   8.5763688   6.2701314   
7.1942607   5.2929984   5.4139264   7.1651955   7.3891263   6.4383304   6.5535432   6.5167391   7.0417796   7.0496796   5.2096728   5.8823600   6.0020537   6.3314513   7.1967691   7.2600442   7.7606573   8.1788038   8.7078332   8.8839682   9.6476215   10.561088   9.9705358   15.257926   2.4190000e+08  13.600281   11.919502   11.092043   9.1382579   6.4829803   
7.9716968   5.7686070   5.8405561   7.8446860   8.1758738   7.2109146   7.5455064   7.4578573   7.8233973   7.8709512   5.5211030   6.3662313   6.5354180   6.7744942   8.0730195   8.1622933   8.5748648   8.3546898   9.1564265   9.4421655   10.001767   10.704943   9.7246308   11.197346   13.600281   2.4190000e+08  16.774226   13.547603   10.980303   7.4804889   
7.9926847   5.8337028   5.8556311   7.7093291   7.9794062   7.1540451   7.5421508   7.4505703   7.8028772   7.8417203   5.6450942   6.5689532   6.6966387   6.9744855   8.1214013   8.1492429   8.4987385   8.4439691   9.1062455   9.3692372   10.018592   10.542090   9.8005152   10.631017   11.919502   16.774226   2.4190000e+08  18.635813   12.576921   7.8541187   
7.8760138   5.6624308   5.7132154   7.3792284   7.6582299   6.9687538   7.2240913   7.2211285   7.5246472   7.5913466   5.6642802   6.4542861   6.6188705   6.8839068   7.7846360   7.8557658   8.0733190   8.0916300   8.5642536   8.8591998   9.4746743   9.9414604   9.4714611   10.001269   11.092043   13.547603   18.635813   2.4190000e+08  13.902799   7.6569346   
8.0709526   5.8286621   5.8750027   7.2455502   7.4459990   7.1314836   7.3005111   7.2914501   7.5196381   7.6459383   5.8311904   6.6190219   6.7678185   7.0354497   8.1232021   8.1872864   7.8210906   7.5929591   8.1846310   8.4696971   8.8168026   9.2551593   8.7453043   8.5763688   9.1382579   10.980303   12.576921   13.902799   2.4190000e+08  8.5495934   
6.6845595   6.0833743   6.3148390   6.4182378   6.4048183   6.6467399   7.3846507   7.1971209   7.1436310   7.0919567   5.8736278   7.2837131   7.4316308   7.4096639   8.0405684   7.9661451   6.9268862   6.5033087   7.3766622   7.4748959   7.4664736   7.4697602   6.8256829   6.2701314   6.4829803   7.4804889   7.8541187   7.6569346   8.5495934   2.4190000e+08  

Time to read / assemble data =  1382.2207601070404
Time to run Markov =  103.17714834213257
