================================================================================
     MODES  0.02
================================================================================

Interpreting input file 'modes_in.hsd'
--------------------------------------------------------------------------------
--------------------------------------------------------------------------------
 

Starting main program

 Vibrational modes (cm-1):
    1   -5.89
    2   35.96
    3   46.15
    4   53.31
    5   61.18
    6   64.78
    7   76.67
    8   80.29
    9   85.92
   10   89.02
   11   93.63
   12  103.64
   13  108.77
   14  111.51
   15  114.26
   16  116.51
   17  122.17
   18  127.13
   19  134.19
   20  136.07
   21  141.53
   22  146.99
   23  151.76
   24  152.44
   25  155.13
   26  158.74
   27  166.10
   28  170.05
   29  171.33
   30  178.64
   31  184.76
   32  191.21
   33  199.25
   34  202.56
   35  206.50
   36  212.16
   37  214.76
   38  219.31
   39  222.40
   40  222.97
   41  233.05
   42  233.82
   43  235.51
   44  265.98
   45  283.27
   46  284.42
   47  287.51
   48  294.89
   49  335.14
   50  337.72
   51  339.18
   52  355.03
   53  357.29
   54  361.97
   55  369.14
   56  371.08
   57  374.29
   58  377.24
   59  383.20
   60  385.50
   61  391.82
   62  394.20
   63  399.55
   64  400.71
   65  407.19
   66  410.26
   67  411.71
   68  419.27
   69  421.50
   70  422.25
   71  424.98
   72  433.72
   73  439.12
   74  446.46
   75  448.85
   76  455.34
   77  456.46
   78  458.06
   79  460.41
   80  467.14
   81  467.75
   82  469.66
   83  470.99
   84  471.57
   85  472.36
   86  478.03
   87  478.32
   88  479.78
   89  480.32
   90  481.83
   91  483.65
   92  492.85
   93  500.19
   94  513.12
   95  520.37
   96  544.65
   97  587.49
   98  590.00
   99  596.62
  100  598.40
  101  599.68
  102  606.60
  103  608.34
  104  608.96
  105  612.16
  106  613.66
  107  615.47
  108  618.47
  109  621.12
  110  621.53
  111  623.35
  112  626.12
  113  627.90
  114  629.54
  115  630.63
  116  631.68
  117  632.46
  118  633.66
  119  634.68
  120  637.79
  121  639.17
  122  640.62
  123  642.84
  124  645.28
  125  648.95
  126  653.96
  127  654.69
  128  660.81
  129  662.78
  130  664.30
  131  669.22
  132  675.67
  133  724.25
  134  733.32
  135  755.15
  136  807.16
  137  807.57
  138  809.49
  139  811.70
  140  824.92
  141  825.89
  142  827.15
  143  828.00
  144  830.92
  145  839.98
  146  842.61
  147  843.19
  148  846.32
  149  848.50
  150  851.71
  151 1984.45
  152 2002.50
  153 2005.16
  154 2027.15
  155 2033.63
  156 2036.59
  157 2043.90
  158 2048.75
  159 2052.52
  160 2057.03
  161 2058.73
  162 2065.57
  163 2069.80
  164 2070.59
  165 2074.09
  166 2077.82
  167 2082.47
  168 2083.05
  169 2089.18
  170 2091.87
  171 2093.20
  172 2098.21
  173 2100.11
  174 2108.15
  175 2109.60
  176 2119.48
  177 2124.32
  178 2126.95
  179 2128.69
  180 2130.71
  181 2134.96
  182 2136.36
  183 2138.17
  184 2140.65
  185 2151.79
  186 2159.26
 
 Writing eigenmodes to vibrations.tag
 Plotting eigenmodes:
 1 2 3 4 5 6
 7 8 9 10 11 12
 13 14 15 16 17 18
 19 20 21 22 23 24
 25 26 27 28 29 30
 31 32 33 34 35 36
 37 38 39 40 41 42
 43 44 45 46 47 48
 49 50 51 52 53 54
 55 56 57 58 59 60
 61 62 63 64 65 66
 67 68 69 70 71 72
 73 74 75 76 77 78
 79 80 81 82 83 84
 85 86 87 88 89 90
 91 92 93 94 95 96
 97 98 99 100 101 102
 103 104 105 106 107 108
 109 110 111 112 113 114
 115 116 117 118 119 120
 121 122 123 124 125 126
 127 128 129 130 131 132
 133 134 135 136 137 138
 139 140 141 142 143 144
 145 146 147 148 149 150
 151 152 153 154 155 156
 157 158 159 160 161 162
 163 164 165 166 167 168
 169 170 171 172 173 174
 175 176 177 178 179 180
 181 182 183 184 185 186
